TENSOR-CORE path (TF32), tolerance 5e-3

K-split sweep, TF32, TN (what every dW runs). GF/s.

shape                  blk     1     2     3     4     5     6     7     8     9    10    11    12    13    14    15    16    derived    best@
gpt: attn proj         192 10544  9598  9397  9386  9421  9411  9388  9428  9501  9506  9440  9442  9416  9365  9442  9376      10565 10544@1   -0.2%
gpt: mlp up            768 14462 10224  9078  9138  9092  9113  9072  9104  9145  9100  9124  9101  9103  9130  9101  9119      14451 14462@1   +0.1%
gpt: mlp down          192 11715 12648 13188 13427 13260 12548 12217 11819 11291 11130 10653 10192 10205 10233 10245 10202      13487 13427@4   -0.4%
gpt: qkv proj          576 14030 10590  9330  9346  9335  9370  9411  9325  9346  9328  9418  9321  9351  9357  9333  9331      14059 14030@1   -0.2%
gpt: dW attnproj        18  2829  5355  7591  7529  8890 10045  9341  9571  9851 11009 10718 10334 10782 10685  9976 10907      10996 11009@10  +0.1%
gpt: dW qkv             54  8405 11623 12008 12451 12456 12796 12847 12607 12954 13530 13506 13603 13109 13104 12914 12916      13515 13603@12  +0.6%
gpt: dW fc              72  8341 10973 12571 13377 14043 13056 13398 13577 13932 13784 13404 13485 13280 13182 13114 12827      13657 14043@5   +2.8%
gpt: dW fcproj          72  8299 10966 12575 13349 13963 13069 13455 13548 13738 13738 13332 13570 13258 13259 13141 12784      13680 13963@5   +2.1%
gpt: padded vocab head    64  6326  6117  6689  6564  6783  6754  6588  6776  6571  6591  6557  6769  6581  6644  6820  6520       6320  6820@15  +7.9%
[clock] 1185-1185 MHz across 2 busy samples, target 1200 -- timings above are comparable.

